#time0row7[msb-lsb],time0row6[msb-lst],....,time0row0[msb-lst]#
#time1row7[msb-lsb],time1row6[msb-lst],....,time1row0[msb-lst]#
#................#
01000011000100000000010000000001
00100001000000010000001100000001
01110101011100100000001100000001
00000000000000000000000000000000
00000000000000000000000000000000
00000000000000110000010000000011
00010010010000000000011000000000
00000000011000100000011100000011
00110001010000010000100000000101
01110011000100000000010100000011
00110011000000010001001100000000
00100011000100010001010000000000
00110010000000000001010000000001
00110011000100010001001100000000
00100100001000000001010000000000
00010111010100010010100000000000
00000100010000110010101100000000
01110000000000100001101000001001
01100000000000000000011000000101
00000000000000110000010100000001
00000000000001110000010100000100
01000000000001010000010000000101
00110011010001000000000100000011
01001001100000100000000100000000
01001001010100000000000100000000
01000101001000000000000100010000
00100011001000000000001000010000
00010010000100000000001000100001
00010000000000010000001000010010
00110100000100000000000100010001
00000010000000000000000100010000
00000000000000110000001100000001
00000001010001010000010100000010
00100100011000110000011000000011
01010101001100000000010100000010
01000010000000000000001100000001
01110110011000000000001000000000
00000000000000000000000000000000
00000000000000000000000000000000
00010000000000100000001100000010
00000000000000000000010000000000
00000000000001110000011100000100
00000010010110000000100000000101
01010101010000100000011000000011
01000011001000000000010000000001
00110011001000000001010000000000
01000011001000000001010000000001
01010011000100000001001100000000
00110011001000000001001100000000
00100011001100000000010100000000
00000010001100010000011000000001
01100001001100100000010100000100
01100010000100010000000100000011
00100001000000000000000000000001
00010010000100000000000000000001
00010110001000000000000000000000
00000100001000010000000100000000
00001000011100110000001000000000
01011001011000010000001100000001
01000110001000000000001000010000
00000001000000000000001100010000
00000000001000010000010000010011
01010010001100000000010000010010
00010010000100000000001100010001
