#time0col7[msb-lsb],time0col6[msb-lst],....,time0col0[msb-lst]#
#time1col7[msb-lsb],time1col6[msb-lst],....,time1col0[msb-lst]#
#................#
11111111111010011111111111100111111111111111111011111111111111110000000000001001111111111111000000000000000011111111111111101011
11111111111100111111111111110110111111111111110111111111111111110000000000000011111111111111100100000000000010101111111111110111
11111111110010011111111111000110000000000000001100000000000011000000000000100010111111111110000000000000001001101111111111001011
00000000000000000000000000000000000000000000000000000000000000000000000000000000000000000000000000000000000000000000000000000000
00000000000000000000000000000000000000000000000000000000000000000000000000000000000000000000000000000000000000000000000000000000
11111111111101101111111111111110000000000000000000000000000000010000000000000010111111111111110100000000000010101111111111111100
11111111110101001111111111011101000000000000100011111111111110010000000000000101111111111111011011111111111110011111111111100101
11111111110011011111111111011000000000000000110100000000000000000000000000001001111111111111011100000000000000011111111111101001
11111111110101011111111111010101000000000000011000000000000000100000000000001001111111111110111100000000000100011111111111101101
11111111111001011111111111011100111111111111101000000000000001000000000000001110111111111110100000000000001000101111111111101011
11111111111100011111111111110001111111111111101111111111111111100000000000000110111111111111001100000000000011011111111111101100
11111111111010101111111111101101111111111111111111111111111111000000000000000101111111111111010000000000000001101111111111101001
11111111111100001111111111101101111111111111110011111111111111010000000000000010111111111111010000000000000010111111111111110011
11111111111011001111111111101100111111111111110111111111111111110000000000001000111111111111001000000000000011011111111111101001
11111111111001111111111111100110000000000000001111111111111111000000000000000110111111111111000100000000000000111111111111100100
11111111110011011111111111010010000000000000110011111111111101110000000000001001111111111110100111111111111110101111111111001010
11111111110000111111111111011000000000000000011111111111111100010000000000000011111111111111001011111111111101011111111111010011
11111111111001001111111111011001111111111111100000000000000001110000000000000110111111111110100000000000001100011111111111111101
11111111111010111111111111100010111111111111100100000000000000110000000000000110111111111110111100000000001000011111111111111110
11111111111011001111111111111100111111111111111011111111111110110000000000000001111111111111111100000000000000101111111111110111
11111111111100010000000000000100111111111111110100000000000001010000000000001001111111111111110000000000000101111111111111110101
11111111111100101111111111110110111111111111100000000000000010110000000000001110111111111111001100000000001010101111111111111000
11111111111010101111111111101001000000000000001100000000000011110000000000011000111111111110110100000000001000101111111111100010
11111111110100111111111111001110000000000000111100000000000011000000000000100100111111111101111000000000000110001111111110111011
11111111111001001111111111011001000000000000101100000000000001110000000000011010111111111110000100000000000100101111111111001000
11111111111100011111111111101001000000000000010100000000000010000000000000010000111111111110101000000000000011111111111111100011
11111111111011111111111111101101000000000000011100000000000001000000000000001001111111111111001000000000000000111111111111101100
11111111111110101111111111110110000000000000101100000000000010000000000000000100111111111111010011111111111111101111111111111000
11111111111111011111111111111100000000000000001100000000000001100000000000000010111111111111101000000000000001110000000000000001
11111111111110101111111111110001000000000000010000000000000010000000000000001011111111111110111000000000000011011111111111101101
00000000000000001111111111111111000000000000011000000000000000100000000000000001111111111111101011111111111110111111111111111001
11111111111101000000000000000000111111111111111011111111111111110000000000000011111111111111111100000000000001101111111111111001
11111111110110101111111111101100000000000000011000000000000000110000000000001110111111111111100000000000000010111111111111100101
11111111110100001111111111010110000000000000110000000000000001010000000000010100111111111110101100000000000100001111111111010110
11111111110111101111111111011000000000000000001100000000000000100000000000010000111111111110011100000000000101011111111111011101
111111111111000111111111111011101111111111111011100000000000000000000000000000111111111111111001100000000000100011111111111110011
11111111110100101111111111001001000000000000010000000000000010010000000000011110111111111110000000000000000111111111111111001101
00000000000000000000000000000000000000000000000000000000000000000000000000000000000000000000000000000000000000000000000000000000
00000000000000000000000000000000000000000000000000000000000000000000000000000000000000000000000000000000000000000000000000000000
11111111111101101111111111111011111111111111111000000000000000000000000000000010111111111111110000000000000010111111111111111100
11111111111100001111111111111000000000000000000011111111111110001111111111111100000000000000000011111111111110001111111111111100
11111111111010010000000000000000111111111111110100000000000000000000000000000111111111111111110000000000000100111111111111110011
11111111110100001111111111100111000000000000100100000000000001110000000000010100111111111111001000000000000101111111111111011011
11111111110101101111111111010101000000000000010000000000000001000000000000010101111111111110010100000000000111001111111111010111
11111111111001001111111111100010000000000000000000000000000000000000000000001011111111111110111100000000000011111111111111101000
111111111110010011111111111000111000000000000000011111111111111010000000000000111111111111111000100000000000010001111111111100111
11111111111001011111111111100000111111111111111100000000000000000000000000001001111111111110111000000000000100001111111111101000
111111111110100111111111111001001111111111111010100000000000000000000000000001010111111111110111000000000000101001111111111101001
111111111110100011111111111001011000000000000000011111111111111110000000000001000111111111111000100000000000010101111111111101000
11111111110111001111111111100001000000000000010111111111111110110000000000001000111111111111001100000000000000001111111111100100
11111111110111011111111111100111000000000000100011111111111110100000000000000011111111111111100011111111111110101111111111101001
11111111110111001111111111011001111111111111110100000000000010010000000000010010111111111110101100000000001001101111111111101100
11111111111101011111111111101001111111111111101000000000000011000000000000010001111111111110110000000000001010001111111111110010
00000000000000001111111111111010111111111111111000000000000001000000000000000101111111111111100100000000000011011111111111111100
11111111111111101111111111111000000000000000001100000000000001000000000000000110111111111111100000000000000010001111111111110110
11111111111110101111111111110011000000000000100000000000000000110000000000001100111111111111000000000000000001011111111111100001
11111111111101011111111111110110000000000000011100000000000000010000000000001001111111111111011000000000000000011111111111100111
11111111110110101111111111011111000000000001001100000000000001100000000000011010111111111110100100000000000001011111111111000011
11111111110101111111111111001111000000000000101100000000000001110000000000011110111111111101110100000000000110011111111111000010
11111111111011101111111111100111000000000000011000000000000001100000000000010000111111111110100000000000000011011111111111011110
11111111111101111111111111111011000000000000010111111111111111101111111111111110111111111111110011111111111101111111111111111011
11111111111100001111111111110001000000000000101000000000000001010000000000000010111111111111100100000000000000011111111111111100
11111111111000011111111111011011000000000000010000000000000010000000000000001110111111111110101100000000000101001111111111101100
11111111111101001111111111110011000000000000011100000000000000010000000000000010111111111111011011111111111111111111111111110101
